  200 15
  -1.667747   0.560615   0.430555   0.000000   0.000000   0.000000   0.905591   4.145571   0.293433   0.000000   0.000000   0.000000   0.045190   0.974396   3.100000
  -1.189769   0.444909  -0.445699   0.000000   0.000000   0.000000   1.107812   4.211965  -0.089411   0.000000   0.000000   0.000000   0.065046   0.943844   3.100000
  -2.014730  -0.271933   0.533341   0.000000   0.000000   0.000000   1.507700   4.727069   0.052025   0.000000   0.000000   0.000000   0.120318  -2.781065   3.100000
  -1.536750  -0.387639  -0.342914   0.000000   0.000000   0.000000   1.709922   4.793464  -0.330819   0.000000   0.000000   0.000000   0.140173  -2.811618   3.100000
  -3.519044   0.596807   1.158041   0.000000   0.000000   0.000000  -0.581068   1.424788   0.572890   0.000000   0.000000   0.000000  -0.015288   0.558859   3.100000
  -2.324096   0.307541  -1.032595   0.000000   0.000000   0.000000  -0.075516   1.590774  -0.384222   0.000000   0.000000   0.000000   0.034351   0.482476   3.100000
  -3.657836   0.263788   1.199155   0.000000   0.000000   0.000000  -0.340225   1.657387   0.476326   0.000000   0.000000   0.000000   0.014763  -0.943326   3.100000
  -2.462888  -0.025478  -0.991481   0.000000   0.000000   0.000000   0.165328   1.823373  -0.480785   0.000000   0.000000   0.000000   0.064402  -1.019708   3.100000
  20.853761 -32.881101 -24.800112   0.000000   0.000000   0.000000  18.882406  67.309195   0.233853   0.000000   0.000000   0.000000   0.776568  48.295576   3.100000
  -6.385454  -5.824878  20.754954   0.000000   0.000000   0.000000   1.851806  10.698828   5.102337   0.000000   0.000000   0.000000   0.219663   7.632599   3.100000
   0.641830   0.112244  -0.875014   0.000000   0.000000   0.000000   0.292113   0.855623   0.270372   0.000000   0.000000   0.000000   0.260047   0.275480   3.100000
  -0.157261  -0.062167   0.201977   0.000000   0.000000   0.000000  -0.060214  -0.030115  -0.006251   0.000000   0.000000   0.000000  -0.035710   0.077587   3.100000
  -3.381588 -16.778889  -0.836454   0.000000   0.000000   0.000000   2.453833  14.552324   1.627857   0.000000   0.000000   0.000000   0.403435   5.774326   3.100000
  -0.005452   0.008364  -0.014332   0.000000   0.000000   0.000000  -0.001233  -0.009228   0.012730   0.000000   0.000000   0.000000   0.005734  -0.000602   3.100000
  -0.018838   0.063710  -0.178245   0.000000   0.000000   0.000000   0.000577  -0.182433  -0.082590   0.000000   0.000000   0.000000  -0.001329  -0.001975   3.100000
   0.151018   0.030004   0.025864   0.000000   0.000000   0.000000   0.061388   0.099095   0.043131   0.000000   0.000000   0.000000   0.014185  -0.006654   3.100000
  17.834924  28.396789  -0.982225   0.000000   0.000000   0.000000   7.489373  38.060387  -0.688269   0.000000   0.000000   0.000000  -0.139347   4.556699   3.100000
  -0.888798  -1.987225   0.751744   0.000000   0.000000   0.000000   0.636853  -0.210319  -0.281829   0.000000   0.000000   0.000000   0.155503  -1.240887   3.100000
  -1.296241   0.346309   2.023746   0.000000   0.000000   0.000000  -0.267675  -0.932532   0.534889   0.000000   0.000000   0.000000  -0.277037   0.572125   3.100000
   0.784788   0.347846  -0.363710   0.000000   0.000000   0.000000   0.254798   0.470196  -0.984625   0.000000   0.000000   0.000000  -0.160014   0.034297   3.100000
   0.001357  -0.020624  -0.006985   0.000000   0.000000   0.000000  -0.000905  -0.001822  -0.039047   0.000000   0.000000   0.000000  -0.005194   0.010767   3.100000
  -0.807473   0.656062   1.027945   0.000000   0.000000   0.000000   0.278560   1.563200  -0.218587   0.000000   0.000000   0.000000  -0.064114   0.681138   3.100000
   0.150608   0.124517  -0.050912   0.000000   0.000000   0.000000   0.048777   0.230287  -0.013360   0.000000   0.000000   0.000000  -0.019077  -0.244045   3.100000
   0.140561  -0.243330  -0.058470   0.000000   0.000000   0.000000   0.099844   0.431339  -0.027143   0.000000   0.000000   0.000000  -0.017549  -0.224823   3.100000
  -0.000000   0.000001  -0.000001   0.000000   0.000000   0.000000   0.000000  -0.000000  -0.000000   0.000000   0.000000   0.000000  -0.000000   0.000000   3.100000
  -0.000000  -0.000000  -0.000000   0.000000   0.000000   0.000000   0.000000   0.000000  -0.000000   0.000000   0.000000   0.000000  -0.000000  -0.000000   3.100000
   0.311639   2.867018  -4.233655   0.000000   0.000000   0.000000   0.694978   1.819389  -0.661902   0.000000   0.000000   0.000000  -0.748757  -0.158893   3.100000
   0.183327   0.439149   3.053696   0.000000   0.000000   0.000000  -0.133133  -0.022176   1.087123   0.000000   0.000000   0.000000   1.335673   0.013397   3.100000
   0.081111   0.026517  -0.014629   0.000000   0.000000   0.000000   0.047699   0.047520  -0.045471   0.000000   0.000000   0.000000  -0.055835   0.055771   3.100000
   0.000532  -0.008469   0.024115   0.000000   0.000000   0.000000   0.005102   0.048501   0.022921   0.000000   0.000000   0.000000   0.008312   0.001865   3.100000
  -0.084699  -0.136670   0.057295   0.000000   0.000000   0.000000   0.007326  -0.034020   0.150065   0.000000   0.000000   0.000000   0.067629   0.007135   3.100000
  -2.086789   1.081708   0.242149   0.000000   0.000000   0.000000  -0.860985  -0.302990  -0.167894   0.000000   0.000000   0.000000  -0.310220  -0.072746   3.100000
  -1.669661  -2.393435  -0.151010   0.000000   0.000000   0.000000  -0.063453  -0.740931  -0.083887   0.000000   0.000000   0.000000  -0.105084   0.202948   3.100000
   1.405879   0.452327   0.513908   0.000000   0.000000   0.000000   0.713462   2.712653   0.223953   0.000000   0.000000   0.000000   0.220345   0.490681   3.100000
   0.000023   0.000010  -0.000005   0.000000   0.000000   0.000000   0.000011   0.000044  -0.000001   0.000000   0.000000   0.000000  -0.000000   0.000008   3.100000
   8.055793   5.324388  -1.942248   0.000000   0.000000   0.000000   4.087635  22.109582  -0.447336   0.000000   0.000000   0.000000  -0.056716   3.446483   3.100000
  -0.027463   0.339759   0.547525   0.000000   0.000000   0.000000   0.041436   1.184352   0.316483   0.000000   0.000000   0.000000   0.126734   0.272466   3.100000
  -3.665530   0.096657   0.363019   0.000000   0.000000   0.000000  -1.134025  -0.560193   0.018963   0.000000   0.000000   0.000000   0.036887  -0.892067   3.100000
  -0.000117   0.000003   0.000011   0.000000   0.000000   0.000000  -0.000036  -0.000017   0.000001   0.000000   0.000000   0.000000   0.000001  -0.000030   3.100000
  -1.527126   0.268216   1.315364   0.000000   0.000000   0.000000  -0.590690   0.100841   0.547921   0.000000   0.000000   0.000000   0.306664   0.435758   3.100000
  -0.947473   4.862490  -2.971063   0.000000   0.000000   0.000000  -0.049320  11.988033   0.051324   0.000000   0.000000   0.000000  -0.526027   4.793166   3.100000
   9.406668   1.946501   1.908803   0.000000   0.000000   0.000000   4.105771  15.943252   0.868137   0.000000   0.000000   0.000000   0.647064   1.233294   3.100000
   0.606528  -0.166474   0.503658   0.000000   0.000000   0.000000   0.436106   2.380370   0.369694   0.000000   0.000000   0.000000   0.111190   0.002131   3.100000
   0.851751   0.504809  -0.131035   0.000000   0.000000   0.000000   0.168330   0.360634  -0.058297   0.000000   0.000000   0.000000  -0.010993  -0.130527   3.100000
   0.000031   0.000018  -0.000004   0.000000   0.000000   0.000000   0.000006   0.000012  -0.000002   0.000000   0.000000   0.000000  -0.000000  -0.000005   3.100000
   0.000068   0.000040  -0.000010   0.000000   0.000000   0.000000   0.000014   0.000031  -0.000004   0.000000   0.000000   0.000000  -0.000001  -0.000010   3.100000
  -0.207477  -0.374877  -1.279683   0.000000   0.000000   0.000000   0.017643   1.466034  -0.085762   0.000000   0.000000   0.000000   0.008624  -0.246865   3.100000
   0.219892   0.078299   0.329014   0.000000   0.000000   0.000000   0.035204   0.263706  -0.137841   0.000000   0.000000   0.000000  -0.042534  -0.044196   3.100000
  -0.250933   0.439361   0.457076   0.000000   0.000000   0.000000   0.265493  -0.045346   0.303741   0.000000   0.000000   0.000000  -0.018827   1.165362   3.100000
  -0.316746  -0.394476  -0.122566   0.000000   0.000000   0.000000  -0.026102  -0.156387  -0.238448   0.000000   0.000000   0.000000  -0.139838   0.041781   3.100000
  -0.028081  -0.026169  -0.011190   0.000000   0.000000   0.000000  -0.004690  -0.077776   0.011649   0.000000   0.000000   0.000000  -0.001410   0.003433   3.100000
   0.051127   0.047790  -0.023363   0.000000   0.000000   0.000000   0.005698   0.029930  -0.017044   0.000000   0.000000   0.000000  -0.008523  -0.001833   3.100000
   1.256914   2.286457  -0.288698   0.000000   0.000000   0.000000  -0.156946   0.482712  -0.344761   0.000000   0.000000   0.000000  -0.100047  -0.005470   3.100000
  -0.773591  -1.355532  -0.774022   0.000000   0.000000   0.000000   0.068751  -0.869768  -0.252614   0.000000   0.000000   0.000000  -0.103688   0.078958   3.100000
   0.356495   0.155042  -0.036247   0.000000   0.000000   0.000000   0.139303   0.995111  -0.010784   0.000000   0.000000   0.000000   0.021820  -0.026377   3.100000
  -0.184976  -0.223942  -0.109304   0.000000   0.000000   0.000000  -0.026017  -0.426899  -0.051743   0.000000   0.000000   0.000000  -0.021682   0.024905   3.100000
  -0.053896   0.050428  -0.090232   0.000000   0.000000   0.000000  -0.022068  -0.112305   0.030493   0.000000   0.000000   0.000000  -0.024208   0.086562   3.100000
  -0.135245  -0.067630   0.022325   0.000000   0.000000   0.000000  -0.059693  -0.425934  -0.006058   0.000000   0.000000   0.000000  -0.004817  -0.021233   3.100000
   8.019800  12.645189   9.537460   0.000000   0.000000   0.000000  -7.261668 -25.885311  -0.089934   0.000000   0.000000   0.000000  -0.298647 -18.573191   3.100000
  16.274679 -14.845933  52.898389   0.000000   0.000000   0.000000   4.719722  27.268236  13.004393   0.000000   0.000000   0.000000   0.559858  19.453303   3.100000
   0.125413   0.021932  -0.170977   0.000000   0.000000   0.000000   0.057079   0.167188   0.052830   0.000000   0.000000   0.000000   0.050813   0.053829   3.100000
  -3.626982  -1.433783   4.658297   0.000000   0.000000   0.000000  -1.388740  -0.694545  -0.144175   0.000000   0.000000   0.000000  -0.823606   1.789420   3.100000
   0.696805   3.457430   0.172358   0.000000   0.000000   0.000000  -0.505633  -2.998629  -0.335434   0.000000   0.000000   0.000000  -0.083131  -1.189848   3.100000
  -0.673737   1.033579  -1.771051   0.000000   0.000000   0.000000  -0.152300  -1.140242   1.573093   0.000000   0.000000   0.000000   0.708564  -0.074441   3.100000
   0.352622  -1.192539   3.336450   0.000000   0.000000   0.000000  -0.010794   3.414834   1.545951   0.000000   0.000000   0.000000   0.024869   0.036975   3.100000
   5.879055   1.168057   1.006866   0.000000   0.000000   0.000000   2.389784   3.857702   1.679047   0.000000   0.000000   0.000000   0.552231  -0.259024   3.100000
  -1.219622  -1.941883   0.067168   0.000000   0.000000   0.000000  -0.512152  -2.602718   0.047067   0.000000   0.000000   0.000000   0.009529  -0.311605   3.100000
   0.532274   1.190088  -0.450196   0.000000   0.000000   0.000000  -0.381392   0.125954   0.168778   0.000000   0.000000   0.000000  -0.093126   0.743128   3.100000
  -1.107243   0.295816   1.728675   0.000000   0.000000   0.000000  -0.228646  -0.796565   0.456900   0.000000   0.000000   0.000000  -0.236643   0.488707   3.100000
  -3.605548  -1.598109   1.670990   0.000000   0.000000   0.000000  -1.170618  -2.160218   4.523656   0.000000   0.000000   0.000000   0.735152  -0.157571   3.100000
   0.005326  -0.080916  -0.027403   0.000000   0.000000   0.000000  -0.003549  -0.007148  -0.153192   0.000000   0.000000   0.000000  -0.020380   0.042240   3.100000
   0.291036  -0.236464  -0.370501   0.000000   0.000000   0.000000  -0.100401  -0.563422   0.078785   0.000000   0.000000   0.000000   0.023109  -0.245501   3.100000
   0.175945   0.145464  -0.059477   0.000000   0.000000   0.000000   0.056982   0.269029  -0.015608   0.000000   0.000000   0.000000  -0.022287  -0.285101   3.100000
   0.516651  -0.894392  -0.214913   0.000000   0.000000   0.000000   0.366991   1.585442  -0.099769   0.000000   0.000000   0.000000  -0.064503  -0.826366   3.100000
   0.000000  -0.000000   0.000000   0.000000   0.000000   0.000000  -0.000000   0.000000   0.000000   0.000000   0.000000   0.000000   0.000000  -0.000000   3.100000
   0.000000   0.000000   0.000000   0.000000   0.000000   0.000000  -0.000000  -0.000000   0.000000   0.000000   0.000000   0.000000   0.000000   0.000000   3.100000
  -0.056546  -0.520209   0.768180   0.000000   0.000000   0.000000  -0.126101  -0.330121   0.120099   0.000000   0.000000   0.000000   0.135859   0.028831   3.100000
  -0.025907  -0.062059  -0.431538   0.000000   0.000000   0.000000   0.018814   0.003134  -0.153629   0.000000   0.000000   0.000000  -0.188753  -0.001893   3.100000
   1.112162   0.363595  -0.200587   0.000000   0.000000   0.000000   0.654024   0.651575  -0.623480   0.000000   0.000000   0.000000  -0.765578   0.764707   3.100000
   0.000979  -0.015601   0.044423   0.000000   0.000000   0.000000   0.009397   0.089344   0.042223   0.000000   0.000000   0.000000   0.015311   0.003435   3.100000
  -0.096370  -0.155502   0.065190   0.000000   0.000000   0.000000   0.008336  -0.038708   0.170742   0.000000   0.000000   0.000000   0.076948   0.008118   3.100000
  -1.819208   0.943005   0.211099   0.000000   0.000000   0.000000  -0.750585  -0.264139  -0.146365   0.000000   0.000000   0.000000  -0.270442  -0.063418   3.100000
  -0.634012  -0.908847  -0.057342   0.000000   0.000000   0.000000  -0.024095  -0.281350  -0.031854   0.000000   0.000000   0.000000  -0.039903   0.077064   3.100000
  -1.370201  -0.440848  -0.500867   0.000000   0.000000   0.000000  -0.695356  -2.643814  -0.218269   0.000000   0.000000   0.000000  -0.214753  -0.478229   3.100000
  -0.000008  -0.000003   0.000002   0.000000   0.000000   0.000000  -0.000004  -0.000015   0.000000   0.000000   0.000000   0.000000   0.000000  -0.000003   3.100000
  -2.582687  -1.706999   0.622685   0.000000   0.000000   0.000000  -1.310495  -7.088331   0.143416   0.000000   0.000000   0.000000   0.018183  -1.104942   3.100000
  -0.050917   0.629933   1.015143   0.000000   0.000000   0.000000   0.076825   2.195858   0.586777   0.000000   0.000000   0.000000   0.234972   0.505168   3.100000
  -0.206251   0.005439   0.020426   0.000000   0.000000   0.000000  -0.063809  -0.031521   0.001067   0.000000   0.000000   0.000000   0.002076  -0.050195   3.100000
  -0.000006   0.000000   0.000001   0.000000   0.000000   0.000000  -0.000002  -0.000001   0.000000   0.000000   0.000000   0.000000   0.000000  -0.000002   3.100000
  -5.988084   1.051716   5.157734   0.000000   0.000000   0.000000  -2.316181   0.395413   2.148478   0.000000   0.000000   0.000000   1.202473   1.708671   3.100000
   0.128481  -0.659370   0.402886   0.000000   0.000000   0.000000   0.006688  -1.625617  -0.006960   0.000000   0.000000   0.000000   0.071331  -0.649969   3.100000
   3.010304   0.622915   0.610851   0.000000   0.000000   0.000000   1.313920   5.102126   0.277820   0.000000   0.000000   0.000000   0.207072   0.394676   3.100000
   2.523086  -0.692511   2.095159   0.000000   0.000000   0.000000   1.814150   9.902062   1.537886   0.000000   0.000000   0.000000   0.462537   0.008866   3.100000
   0.673317   0.399056  -0.103585   0.000000   0.000000   0.000000   0.133066   0.285085  -0.046084   0.000000   0.000000   0.000000  -0.008690  -0.103183   3.100000
   0.000075   0.000044  -0.000010   0.000000   0.000000   0.000000   0.000015   0.000029  -0.000005   0.000000   0.000000   0.000000  -0.000001  -0.000011   3.100000
   0.000090   0.000052  -0.000013   0.000000   0.000000   0.000000   0.000018   0.000041  -0.000006   0.000000   0.000000   0.000000  -0.000001  -0.000014   3.100000
   0.613456   1.108418   3.783702   0.000000   0.000000   0.000000  -0.052167  -4.334695   0.253576   0.000000   0.000000   0.000000  -0.025500   0.729919   3.100000
  -0.323485  -0.115186  -0.484013   0.000000   0.000000   0.000000  -0.051789  -0.387939   0.202779   0.000000   0.000000   0.000000   0.062572   0.065018   3.100000
  -0.055180   0.096615   0.100511   0.000000   0.000000   0.000000   0.058382  -0.009972   0.066792   0.000000   0.000000   0.000000  -0.004140   0.256263   3.100000
  -0.118299  -0.147329  -0.045776   0.000000   0.000000   0.000000  -0.009748  -0.058408  -0.089056   0.000000   0.000000   0.000000  -0.052227   0.015605   3.100000
  -0.118832  -0.110744  -0.047355   0.000000   0.000000   0.000000  -0.019846  -0.329133   0.049294   0.000000   0.000000   0.000000  -0.005967   0.014529   3.100000
  -2.597865  -2.428318   1.187146   0.000000   0.000000   0.000000  -0.289508  -1.520804   0.866067   0.000000   0.000000   0.000000   0.433064   0.093117   3.100000
  -0.648993  -1.180584   0.149066   0.000000   0.000000   0.000000   0.081037  -0.249242   0.178013   0.000000   0.000000   0.000000   0.051658   0.002824   3.100000
   3.000389   5.257462   3.002060   0.000000   0.000000   0.000000  -0.266652   3.373412   0.979769   0.000000   0.000000   0.000000   0.402156  -0.306240   3.100000
  -1.659400  -0.721683   0.168723   0.000000   0.000000   0.000000  -0.648425  -4.632011   0.050199   0.000000   0.000000   0.000000  -0.101567   0.122777   3.100000
   1.556776   1.884713   0.919913   0.000000   0.000000   0.000000   0.218962   3.592818   0.435471   0.000000   0.000000   0.000000   0.182480  -0.209604   3.100000
   0.070533  -0.065994   0.118086   0.000000   0.000000   0.000000   0.028880   0.146971  -0.039906   0.000000   0.000000   0.000000   0.031681  -0.113282   3.100000
  -0.033569  -0.016786   0.005541   0.000000   0.000000   0.000000  -0.014816  -0.105720  -0.001504   0.000000   0.000000   0.000000  -0.001196  -0.005270   3.100000
   0.175685   0.277011   0.208932   0.000000   0.000000   0.000000  -0.159077  -0.567055  -0.001970   0.000000   0.000000   0.000000  -0.006542  -0.406872   3.100000
  -0.174602  -0.159274   0.567519   0.000000   0.000000   0.000000   0.050635   0.292546   0.139517   0.000000   0.000000   0.000000   0.006006   0.208704   3.100000
   0.032436   0.005672  -0.044220   0.000000   0.000000   0.000000   0.014762   0.043240   0.013664   0.000000   0.000000   0.000000   0.013142   0.013922   3.100000
  -1.033829  -0.408683   1.327793   0.000000   0.000000   0.000000  -0.395844  -0.197972  -0.041095   0.000000   0.000000   0.000000  -0.234759   0.510053   3.100000
  -0.076232  -0.378252  -0.018856   0.000000   0.000000   0.000000   0.055318   0.328058   0.036697   0.000000   0.000000   0.000000   0.009095   0.130173   3.100000
  -0.240246   0.368561  -0.631534   0.000000   0.000000   0.000000  -0.054308  -0.406595   0.560945   0.000000   0.000000   0.000000   0.252665  -0.026545   3.100000
  -0.046629   0.157695  -0.441195   0.000000   0.000000   0.000000   0.001427  -0.451560  -0.204429   0.000000   0.000000   0.000000  -0.003289  -0.004889   3.100000
   2.365207   0.469922   0.405073   0.000000   0.000000   0.000000   0.961436   1.551995   0.675499   0.000000   0.000000   0.000000   0.222169  -0.104208   3.100000
  -0.058257  -0.092757   0.003208   0.000000   0.000000   0.000000  -0.024464  -0.124323   0.002248   0.000000   0.000000   0.000000   0.000455  -0.014884   3.100000
  -0.303166  -0.677836   0.256417   0.000000   0.000000   0.000000   0.217229  -0.071739  -0.096131   0.000000   0.000000   0.000000   0.053041  -0.423262   3.100000
   0.731928  -0.195545  -1.142718   0.000000   0.000000   0.000000   0.151144   0.526559  -0.302028   0.000000   0.000000   0.000000   0.156430  -0.323053   3.100000
   3.385435   1.500546  -1.568979   0.000000   0.000000   0.000000   1.099153   2.028340  -4.247494   0.000000   0.000000   0.000000  -0.690272   0.147951   3.100000
  -0.088460   1.344007   0.455167   0.000000   0.000000   0.000000   0.058949   0.118723   2.544517   0.000000   0.000000   0.000000   0.338503  -0.701612   3.100000
  -1.792808   1.456634   2.282314   0.000000   0.000000   0.000000   0.618477   3.470725  -0.485322   0.000000   0.000000   0.000000  -0.142350   1.512309   3.100000
   6.613700   5.467937  -2.235704   0.000000   0.000000   0.000000   2.141941  10.112674  -0.586694   0.000000   0.000000   0.000000  -0.837745 -10.716840   3.100000
  -6.909013  11.960418   2.873962   0.000000   0.000000   0.000000  -4.907652 -21.201631   1.334185   0.000000   0.000000   0.000000   0.862572  11.050734   3.100000
  -0.000000   0.000000  -0.000000   0.000000   0.000000   0.000000   0.000000  -0.000000  -0.000000   0.000000   0.000000   0.000000  -0.000000   0.000000   3.100000
   0.000000   0.000000   0.000000   0.000000   0.000000   0.000000  -0.000000  -0.000000   0.000000   0.000000   0.000000   0.000000   0.000000   0.000000   3.100000
   0.061630   0.566985  -0.837253   0.000000   0.000000   0.000000   0.137440   0.359805  -0.130899   0.000000   0.000000   0.000000  -0.148075  -0.031423   3.100000
  -0.110261  -0.264124  -1.836627   0.000000   0.000000   0.000000   0.080072   0.013338  -0.653844   0.000000   0.000000   0.000000  -0.803332  -0.008058   3.100000
   0.020607   0.006737  -0.003717   0.000000   0.000000   0.000000   0.012118   0.012073  -0.011552   0.000000   0.000000   0.000000  -0.014185   0.014169   3.100000
  -0.000691   0.011006  -0.031338   0.000000   0.000000   0.000000  -0.006629  -0.063028  -0.029787   0.000000   0.000000   0.000000  -0.010801  -0.002423   3.100000
  -0.023460  -0.037855   0.015870   0.000000   0.000000   0.000000   0.002029  -0.009423   0.041565   0.000000   0.000000   0.000000   0.018732   0.001976   3.100000
   0.452609  -0.234614  -0.052520   0.000000   0.000000   0.000000   0.186741   0.065716   0.036415   0.000000   0.000000   0.000000   0.067284   0.015778   3.100000
   0.096536   0.138382   0.008731   0.000000   0.000000   0.000000   0.003669   0.042839   0.004850   0.000000   0.000000   0.000000   0.006076  -0.011734   3.100000
   0.344012   0.110682   0.125751   0.000000   0.000000   0.000000   0.174581   0.663774   0.054800   0.000000   0.000000   0.000000   0.053917   0.120068   3.100000
   0.000001   0.000000  -0.000000   0.000000   0.000000   0.000000   0.000000   0.000002  -0.000000   0.000000   0.000000   0.000000  -0.000000   0.000000   3.100000
   0.473881   0.313206  -0.114252   0.000000   0.000000   0.000000   0.240455   1.300593  -0.026314   0.000000   0.000000   0.000000  -0.003336   0.202739   3.100000
  -0.007632   0.094419   0.152158   0.000000   0.000000   0.000000   0.011515   0.329133   0.087951   0.000000   0.000000   0.000000   0.035219   0.075719   3.100000
   0.114326  -0.003015  -0.011322   0.000000   0.000000   0.000000   0.035370   0.017472  -0.000591   0.000000   0.000000   0.000000  -0.001150   0.027823   3.100000
   0.000003  -0.000000  -0.000000   0.000000   0.000000   0.000000   0.000001   0.000001  -0.000000   0.000000   0.000000   0.000000  -0.000000   0.000001   3.100000
   0.984282  -0.172874  -0.847795   0.000000   0.000000   0.000000   0.380719  -0.064995  -0.353153   0.000000   0.000000   0.000000  -0.197655  -0.280860   3.100000
  -0.053915   0.276697  -0.169066   0.000000   0.000000   0.000000  -0.002807   0.682171   0.002921   0.000000   0.000000   0.000000  -0.029933   0.272752   3.100000
  -3.009037  -0.622653  -0.610594   0.000000   0.000000   0.000000  -1.313368  -5.099981  -0.277703   0.000000   0.000000   0.000000  -0.206985  -0.394510   3.100000
   0.572912  -0.157247   0.475744   0.000000   0.000000   0.000000   0.411936   2.248443   0.349205   0.000000   0.000000   0.000000   0.105027   0.002013   3.100000
   0.288379   0.170914  -0.044365   0.000000   0.000000   0.000000   0.056992   0.122101  -0.019738   0.000000   0.000000   0.000000  -0.003722  -0.044193   3.100000
   0.000024   0.000014  -0.000003   0.000000   0.000000   0.000000   0.000005   0.000009  -0.000002   0.000000   0.000000   0.000000  -0.000000  -0.000004   3.100000
   0.000032   0.000018  -0.000005   0.000000   0.000000   0.000000   0.000006   0.000015  -0.000002   0.000000   0.000000   0.000000  -0.000000  -0.000005   3.100000
   0.085307   0.154136   0.526160   0.000000   0.000000   0.000000  -0.007254  -0.602780   0.035262   0.000000   0.000000   0.000000  -0.003546   0.101502   3.100000
   0.033733   0.012012   0.050473   0.000000   0.000000   0.000000   0.005401   0.040455  -0.021146   0.000000   0.000000   0.000000  -0.006525  -0.006780   3.100000
  -0.056088   0.098205   0.102164   0.000000   0.000000   0.000000   0.059342  -0.010136   0.067891   0.000000   0.000000   0.000000  -0.004208   0.260479   3.100000
  -0.011113  -0.013840  -0.004300   0.000000   0.000000   0.000000  -0.000916  -0.005487  -0.008366   0.000000   0.000000   0.000000  -0.004906   0.001466   3.100000
  -0.013818  -0.012878  -0.005507   0.000000   0.000000   0.000000  -0.002308  -0.038272   0.005732   0.000000   0.000000   0.000000  -0.000694   0.001689   3.100000
  -1.343803  -1.256102   0.614077   0.000000   0.000000   0.000000  -0.149755  -0.786670   0.447992   0.000000   0.000000   0.000000   0.224012   0.048167   3.100000
   0.410392   0.746545  -0.094262   0.000000   0.000000   0.000000  -0.051244   0.157609  -0.112567   0.000000   0.000000   0.000000  -0.032666  -0.001786   3.100000
   0.599777   1.050965   0.600111   0.000000   0.000000   0.000000  -0.053304   0.674344   0.195856   0.000000   0.000000   0.000000   0.080391  -0.061217   3.100000
  -0.258128  -0.112261   0.026246   0.000000   0.000000   0.000000  -0.100866  -0.720533   0.007809   0.000000   0.000000   0.000000  -0.015799   0.019099   3.100000
   0.303463   0.367388   0.179319   0.000000   0.000000   0.000000   0.042682   0.700349   0.084886   0.000000   0.000000   0.000000   0.035571  -0.040858   3.100000
   0.001102  -0.001031   0.001845   0.000000   0.000000   0.000000   0.000451   0.002296  -0.000624   0.000000   0.000000   0.000000   0.000495  -0.001770   3.100000
   0.027272   0.013638  -0.004502   0.000000   0.000000   0.000000   0.012037   0.085889   0.001222   0.000000   0.000000   0.000000   0.000971   0.004282   3.100000
  -1.455555   0.554600   0.299577   0.000000   0.000000   0.000000   1.052600   4.369721  -0.020726   0.000000   0.000000   0.000000  -0.138294   0.852068   3.100000
  -1.311160   0.441489  -0.577495   0.000000   0.000000   0.000000   0.927806   4.233452  -0.414626   0.000000   0.000000   0.000000  -0.119637   0.706218   3.100000
  -2.027572  -0.279664   0.612608   0.000000   0.000000   0.000000   1.390263   4.711853   0.367070   0.000000   0.000000   0.000000   0.151884  -2.594647   3.100000
  -1.883176  -0.392775  -0.264464   0.000000   0.000000   0.000000   1.265470   4.575584  -0.026829   0.000000   0.000000   0.000000   0.170541  -2.740497   3.100000
  -3.063641   0.585594   1.095008   0.000000   0.000000   0.000000  -0.144527   1.829997   0.417958   0.000000   0.000000   0.000000  -0.119257   0.624486   3.100000
  -2.702654   0.302817  -1.097672   0.000000   0.000000   0.000000  -0.456511   1.489323  -0.566790   0.000000   0.000000   0.000000  -0.072616   0.259861   3.100000
  -3.292449   0.251889   1.220220   0.000000   0.000000   0.000000  -0.009462   1.966850   0.573077   0.000000   0.000000   0.000000  -0.003186  -0.754200   3.100000
  -2.931461  -0.030888  -0.972459   0.000000   0.000000   0.000000  -0.321446   1.626176  -0.411671   0.000000   0.000000   0.000000   0.043455  -1.118826   3.100000
  19.078818 -31.129113 -28.201509   0.000000   0.000000   0.000000  18.835423  67.147462 -10.668512   0.000000   0.000000   0.000000  -3.853722  39.862936   3.100000
  -5.743543  -6.920307  20.087849   0.000000   0.000000   0.000000   4.529215  14.050928   3.302971   0.000000   0.000000   0.000000  -0.506061   8.525671   3.100000
   0.393208   0.127553  -0.842991   0.000000   0.000000   0.000000   0.034457   0.645047   0.203026   0.000000   0.000000   0.000000   0.244028   0.306892   3.100000
  -0.153968  -0.100480   0.194143   0.000000   0.000000   0.000000  -0.032149   0.040394  -0.023245   0.000000   0.000000   0.000000  -0.041299   0.086968   3.100000
  -3.619804 -16.577971  -1.198370   0.000000   0.000000   0.000000   2.258292  15.407492  -0.922193   0.000000   0.000000   0.000000  -0.074652   4.807018   3.100000
  -0.000342   0.016747  -0.014144   0.000000   0.000000   0.000000  -0.000438  -0.010494   0.013557   0.000000   0.000000   0.000000   0.006055  -0.001359   3.100000
  -0.044439   0.064530  -0.177864   0.000000   0.000000   0.000000  -0.017720  -0.265457  -0.072735   0.000000   0.000000   0.000000   0.002755  -0.033419   3.100000
   0.164584   0.046614   0.034987   0.000000   0.000000   0.000000   0.065535   0.102860   0.046995   0.000000   0.000000   0.000000   0.019094   0.002050   3.100000
  17.537666  28.313262  -0.805314   0.000000   0.000000   0.000000   7.162797  37.946086  -0.583575   0.000000   0.000000   0.000000  -0.242852   4.957241   3.100000
  -1.229220  -2.028349   0.759972   0.000000   0.000000   0.000000   0.530396  -1.101272  -0.305886   0.000000   0.000000   0.000000   0.227724  -1.302494   3.100000
  -0.670480   0.417514   1.951381   0.000000   0.000000   0.000000   0.190723   0.120563   0.505812   0.000000   0.000000   0.000000  -0.251690   0.752993   3.100000
   0.545072  -0.002563  -0.304895   0.000000   0.000000   0.000000   0.122240  -0.272918  -0.976719   0.000000   0.000000   0.000000  -0.158178  -0.080594   3.100000
  -0.007753  -0.035522  -0.005389   0.000000   0.000000   0.000000  -0.003944  -0.036127  -0.040262   0.000000   0.000000   0.000000  -0.007152   0.004491   3.100000
  -0.518904   0.670191   0.854281   0.000000   0.000000   0.000000   0.242466   1.524021  -0.296201   0.000000   0.000000   0.000000  -0.036388   0.638813   3.100000
   0.134379   0.119778  -0.039562   0.000000   0.000000   0.000000   0.037634   0.274042   0.002188   0.000000   0.000000   0.000000  -0.005242  -0.229859   3.100000
   0.141063  -0.247333  -0.048462   0.000000   0.000000   0.000000   0.098543   0.469555  -0.011370   0.000000   0.000000   0.000000  -0.019744  -0.231663   3.100000
  -0.000000   0.000001  -0.000001   0.000000   0.000000   0.000000   0.000000   0.000000  -0.000000   0.000000   0.000000   0.000000  -0.000000  -0.000000   3.100000
  -0.000000  -0.000000  -0.000000   0.000000   0.000000   0.000000   0.000000   0.000000  -0.000000   0.000000   0.000000   0.000000  -0.000000  -0.000000   3.100000
   1.091617   2.917914  -4.400402   0.000000   0.000000   0.000000   0.902417   3.505871  -0.686078   0.000000   0.000000   0.000000  -0.785235  -0.850578   3.100000
  -0.408886   0.562484   3.074564   0.000000   0.000000   0.000000  -0.970696  -2.105017   0.962558   0.000000   0.000000   0.000000   1.241820   0.967907   3.100000
   0.089644   0.017064  -0.017370   0.000000   0.000000   0.000000   0.091276   0.111484  -0.054853   0.000000   0.000000   0.000000  -0.055776   0.022138   3.100000
   0.008404  -0.000605   0.023116   0.000000   0.000000   0.000000   0.006261   0.057090   0.019903   0.000000   0.000000   0.000000   0.007142   0.001234   3.100000
   0.019072   0.005169   0.067406   0.000000   0.000000   0.000000   0.011587   0.020786   0.146863   0.000000   0.000000   0.000000   0.073858  -0.000489   3.100000
  -1.979492   1.057720   0.121771   0.000000   0.000000   0.000000  -0.553197   0.162116  -0.199757   0.000000   0.000000   0.000000  -0.372906  -0.199813   3.100000
  -1.775467  -2.513375  -0.080118   0.000000   0.000000   0.000000  -0.024799  -0.715441  -0.131496   0.000000   0.000000   0.000000  -0.042872   0.104738   3.100000
   1.327736   0.433205   0.484854   0.000000   0.000000   0.000000   0.606161   2.378955   0.021943   0.000000   0.000000   0.000000   0.181940   0.549637   3.100000
   0.000024   0.000010  -0.000006   0.000000   0.000000   0.000000   0.000010   0.000044  -0.000004   0.000000   0.000000   0.000000  -0.000001   0.000006   3.100000
   8.144512   5.137927  -2.560650   0.000000   0.000000   0.000000   3.813244  22.242008  -1.925548   0.000000   0.000000   0.000000  -0.618115   2.702191   3.100000
   0.006156   0.349045   0.484679   0.000000   0.000000   0.000000   0.034641   1.219625   0.195958   0.000000   0.000000   0.000000   0.088187   0.283237   3.100000
  -4.028960   0.042338   0.234215   0.000000   0.000000   0.000000  -1.214282  -0.477153   0.116531   0.000000   0.000000   0.000000  -0.008410  -0.835312   3.100000
  -0.000129   0.000002   0.000007   0.000000   0.000000   0.000000  -0.000039  -0.000014   0.000004   0.000000   0.000000   0.000000  -0.000001  -0.000029   3.100000
  -1.497563   0.303532   1.253895   0.000000   0.000000   0.000000  -0.652801  -0.101712   0.405917   0.000000   0.000000   0.000000   0.252126   0.568679   3.100000
  -0.089552   4.816651  -4.068600   0.000000   0.000000   0.000000   0.409504  13.569796  -1.942277   0.000000   0.000000   0.000000  -1.256408   3.628901   3.100000
   9.054796   1.949966   1.547066   0.000000   0.000000   0.000000   3.635450  15.698379  -0.110214   0.000000   0.000000   0.000000   0.286230   1.202083   3.100000
